快递站 1 6 23
沙河大门 1 2 25
甲子钟 1 22 23
田径场 1 22 19
大屏幕 1 26 27
雁北A区 1 31 20
雁北D1区 1 33 20
雁北C区 1 29 14
雁北B区 1 27 18
雁北D2区 1 33 5
雁北E区 1 27 8
教工食堂 1 39 12
学生食堂 1 38 20
综合办公楼 1 50 12
小麦铺 1 48 15
邮局 1 49 20
沙河学活 1 51 20
医务室 1 47 4
沙河图书馆 1 62 22
自习室 1 59 13
咖啡厅 1 69 16
东配楼 1 71 11
教学楼N楼 1 59 29
教学楼S楼 1 59 36
报告厅 1 65 32
教学楼S1 1 79 29
实验楼S2 1 80 36
实验楼S3 1 86 36
雁南S6男寝 1 31 55
雁南S5 1 34 44
失物招领 1 34 48
雁南S6女寝 1 30 51
雁南S4 1  34  41
雁南S3 1 34 39
雁南S2 1 34 36
雁南S1 1 34 34
家属区 2 15 6
售票点 2 8 24
北交附中 2 10 47
北邮幼儿园 2 20 47
全民健身 2 20 35
中门邮局 2 25 27
教二楼 2 32 33
创新中心 2 34 46
国旗 2 42 28
音乐喷泉 2 45 32
主楼 2 45 37
科学会堂 2 45 47
体育场 2 42 55
体育馆 2 54 51
游泳馆 2 52 58
教一楼 2 49 32
校车车坪 2 32 3
教三楼 2 32 8
教四楼 2 55 20
主席像 2 41 20
校训石 2 41 16
移动营业厅 2 45 4
ATM 2 50 4 
西土城邮局 2 53 5
鸿通楼 2 59 4
商店 2 62 3
泵房 2 62 5
学十三公寓 2 69 3
青年公寓 2 79 3
北邮科技酒店 2 87 3
学十一公寓 2 87 11
学九公寓 2 84 11
教九 2 84 14
留学生公寓 2 76 11
学五公寓 2 72 11
学八公寓 2 76 19
综合食堂 2 80 19
报亭 2 75 27
西土城学活 2 78 30
经管楼 2 86 30
学六公寓 2 86 34
澡堂 2 79 34
锅炉房 2 79 41
水房 2 78 39
联通营业厅 2 78 36
学苑超市 2 73 33
学苑书屋 2 71 38
教工餐厅 2 73 41
西土城图书馆 2 65 40
时光广场 2 60 30
小松林 2 68 30
行政办公楼 2 57 34
后勤楼 2 54 27
财务处 2 57 29
保卫处 2 73 54
学二十九公寓 2 63 55
基建处 2 63 57
青年教师公寓 2 85 55
科研大楼 2 83 46
西土城学生食堂 2 69 46
篮球场 2 63 44
网球场 2 66 46
排球场 2 63 52
明光楼出版社 2 13 53
