1
61
95
2174
2173
2172
2171
2170
2169
2168
2167
2070
2069
2068
2067
2066
2065
2064
2063
2062
2061
2060
2059
2058
2057
2056
2055
2054
2149
2244
2339
2434
2433
2432
2431
2430
2429
2428
2427
2426
2425
2424
2423
2422
2421
2420
2419
2418
2417
2416
2415
2414
2413
2412
2411
2410
2409
2408
2407
2406
2405
2404
2403
2402
2344
2343
2437
2436
2435
2434
2433
2432
2431
2430
2429
2522
2615
2709
2803
2897
2990
2989
2988
3082
3081
3174
3173
3266
3360
3454
3548
3642
3736
3830
3924
4017
4016
4015
4014
4013
4012
4011
4105
4198
4197
4196
4289
4288
4382
4476
4570
4664
4757
4756
4755
4754
4847
4846
4845
4844
4843
4842
4936
4935
4934
4933
4932
4931
4930
4929
4928
4927
4926
4925
4924
4923
4922
4921
4920
4919
4918
4917
4916
4915
4914
4913
5006
5005
5004
4909
4815
4814
4813
4812
4811
4810
4809
4902
4995
