9999999999999999999999999999999999999999999999999999999999999999999999999999999999999999999999
9999999999999999999999999999999999999999999999999999999999999999999999999999999999999999999999
9999999999999999999999999999999999999999999999999999999999999999999999999999999999999999999999
9999959999999999999999999599999939999977777779999599999999995939999993999995999399599993999977
9999959999999999999999999599999999999977777773999539999999935999999999999995999999599999999977
9999959999999999999999999599999999999977777779999599939999995939999999999995999999599999999977
9999959999999993999999999599999999999977777777777777777777777777777777777777777777799999999957
9999957777777777777777777777777777777777777777777777777777777777777777777777777777799999999977
9999959999999999999997799777999939977999959999977999999997779959999995999599959995599559999999
9999959999999999999997799777999999977999959999977999999997779959999995999599959995599559999999
9999959999999999999997799777999999977999959999977999999997779959999995999599959995599559999999
9999959999999999999997799777999999977999959999977779999777779959999995993599359995593553999999
9999959999999999999997799777999999977999959999977779999999779959999995999599959995599559999999
9999959999999999999997799777999999977999959999977779999999779959999995999599959995599559999999
9999959999999999999997799777999999977999959999977779999999779959999995999599959995939599999999
9999959999999999997777799777999999977777799777777779999999777777777777777777777777777777777777
9999959999999999999997799777999999977777739777777779999999779959999995999599959997799999977777
9999959999999999999997799777999999977999959999977779999999779959999995999599959997799999977777
9999959999999999999997799777999999977999959999977779999999779959999995999599959997799999977777
9999959999999999999997799777999999977999999999977779999777779959999995999599359937799999977777
9999959999999999999997799777999999977999939999977999999999779959999995999599959997799999977777
9999955555559999999997799777999999977999959999977999999999779959999995999599959997799999977777
9999959997779999999997799777999999977999959999977999999999779959999995999599959997799999977777
9999959997777777777777777777777777777777777777777777777777777777777777777777777777777777777777
9999959937777777777777777777777777777777777777777777777777777777777777777777777777777777777777
9999959997777777777777777777777777777777777777777777777777777777777777777777777777777777777777
9999959997777777777777779977777777777777777777777777777777777777777777777777777777777777777777
9999977777777777777777779377999999977777799777759999993999779977775995599993559999999599997777
9999959997779999999997779977999999977777793777759999999999779977775995599999559999999599997777
9999959997779999999995999977999999977777777777759999999993779959995997777777759999999599997777
9999959997779999999995999977799997777599999999777999959999773959995937779977773999999539997777
9999977777779999999995999977799997777599999999777999977777779977775997779977779999999599997777
9999977777779999999995999977799997777599999993777399999999777777777777777777779999999599997777
9999977777779999999995999977799937777599999999777999999999777777777777599399777777777777777777
9999955999959999999995999977799997777777777777777999999993779999999997799999779399599939997777
9999955999959999999935999977799997777599999999777999999999779999999997799999779999599999997777
9999955999959999999995999977799997777599999999777999999999779999999997799999773999599999997777
9999955999959999999995999977799997777599999993777999977777779999999997799999779999599999997777
9999955999959999999995999977799997777599999999559999997777779999999997739999779999599779997777
9999955999959999999995999977999999977799999999559999997777779999999997799999773999599779997777
9999955999959999999995999977999999977799999999559999997777779999939997799999779999777779997777
9999955999959999999995999977777777777799999999777777777777777777777777799399779399777779997777
9999955555559999999995999977999999977777777777777777777777777777777777777777777777777777777777
9999955999959999999995999977999999977777777777777777777777777777777777777777777777777777777777
9999955999955555555555999977999999977779999999777999999997779993999779999999599999995999997777
9999955999959999999995999977999999977999999999777999999997779999999779999999599999995999997777
9999955999959999999995999977999999377999999999777999999997779999993773999999599999935999997777
9999955999359999999935999977999999977999999993777999999997779999999779999999599999995999997777
9999955999959999999995999977999999977999999999777999999997779999999779999999599999995999997777
9999955999959999999995999977999999977999999999777999999997779999999775555555599999995999997777
9999955999959999999995999977777777777777777777777777777777559999999559999999555555555999997777
9999955999977777777777999977777777777777777777777999993997779999999559999999555555555999997777
9999955999977777777777777799999999999999999599977999999997779993999559999999559999995999997777
9999999999999399995999999599999999999999999599977999999997777777777777777777759999995999997777
9999999999999999995999999599999999999999999599977999999997777777777779999399959999995999997777
9999999999999999995999999599999999999999993555577999999997779993999959999999959999995399997777
9999999999999999995999999599999999999999999599999999999997779999999959999999959999995999997777
9999999999999999995999999599999999999999999599999999999997779993999959999999959999995999997777
9999999999999999997777777799999999999999999599999999399997777777777777777777777777777777777777
9999999999999999999999999999999999999999999999999999999999999999999999999999999999999999999999
