000000000000000000000000000000000000000000000000000000000000000000000000000000000000000000000000
000000000000000000000000000000000000000000000000000000000000000000000000000000000000000000000000
000000000000000000000000000000000000000000000000000000000000000000000000000000000000000000000000
002200000000000000000002222000000002220000000002000002222220000000000000000220000000000000000000
002200000000000000000002222222222222220000000003000002222220000000000000000220000000000000000000
002200000000022222222222222222222302222222222222222222222222222222222222222200000000000000000000
002200000000020000000002222000002002220000000222000000022222222222222222222220000000000000000000
002200000000020000000002222022222202220000000222000000022222220000000022222220000000000000000000
002200000000020000000002222322222202220000000222000000022222200000000022222220000000000000000000
002200000000020000000002222220000202220000000222000000022222000000000022222220000000000000000000
002200000000020000000002222220000222220000000222000000022222000000000000022220000000000000000000
002200000000020000000002222000000002220000000222000000022220000000000003022220000000000000000000
002200000000020000000002222222222222220300000222003000022220000000000022222220000000000000000000
002200000000020000000002222222222222222222222222222222222223000000000022222220000000000000000000
002200000000020000000002222023000002220000000222000000022220000000000022222220000000000000000000
002200000000020000000002222022222202220000000222300000022220000000000022222220000000000000000000
002200000000020000000002222022000022220000000222000000022220000000000322222220000000000000000000
002200000000020000000002222022222202220000000222000000022220000000000022222220000000000000000000
002200000000020000000002222320002202220000000222000000022222000000000022222220000000000000000000
002200000000020000000032222222222202220000000222000000022222000000000022222220000000000000000000
002222220000020000000002222000032302223000000222030300022222200000000022222220000000000000000000
002200020000020000000002222222222222222222222222222222222222200000000022222220000000000000000000
002200020000020000000002222000002002220000000222000000022222223000000022222220000000000000000000
002200320000020000000032222000002002220000000222222222222222222222222222222220000000000000000000
002222222222222222222222222222222222222222222222222222222222222222222222222220000000000000000000
003222222222222222222222222222222222222222222222222222222222222222222222222222222222222222222220
002222222222222222222222222222222222222222222222222222222222222222222222222222222222222222222220
002200000000000000000002223000000002200000000000000000002222222222222222222222222222222222222220
002200000000000000000002220000000002200000000000000000002220000000000000022222200000000000222220
002200000000000000000002220000000002200000000000000000002223000000000000022222230000000000222220
002222222222222222222222222222222222200000000000000000002220000000000000022222200000000000222220
002200000000000000000002220000000002200000000000000000002222222220000000022222222222222000222220
002200000000000000000002220022222002200000000000000000002222222223000000022222220000002000222220
002200000000000000000002220022222002200000000000000000002222222220000000022222220000002000222220
002200000000000000000002220022222032200000000000000000002222222220000000022222220000002000222220
002200000000000000000002222222222002200000000000000000002220000000000000022222220000002000222220
002200000000000000000002222220000032200000000000000000002223000000000000022222223000003000222220
002200000000000000000002222222222002200000000000000000002220000000000000022222220000000000222220
002200000000000000000002222222222002200000000000000000002220000000000000022222220000000000222220
002200000000000000000002222222222032200000000000000000002222222222222222222222220000000000222220
002200000000000000000002222220000002200000000000000000002222222222222222222222220000000000222220
002200000000000000000002222220000032200000000000000000002000000000000000000022220000000000222220
002200000000000000000002222222222002200000000000000000002000000000000000000022220000000000222220
002200000000000000000002220022222002200000000000000000002000000000000000000022220000000000222220
002200000000000000000002220022222032200000000000000000002000000000000000000022220000000000222220
002200000000000000000002220000002002200000000000000000002000000000000000000022220000000000222220
002200000000000000000002220000000002200000000000000000002000000000000000000022220000000000222220
002200000000000000000002222222222002200000000000000000002000000000000000000022222222222222222220
002200000000000000000002222222222032200000000000000000002000000000000000000020000000000000000000
002200000000000000000002222022222222200000000000000000002000000000000000000020000000000000000000
002200000000000000000002222002222222200000000000000000002000000000000000000020000000000000000000
002200000000000000000002222000322222200000000000000000002000000000000000000020000000000000000000
002200000000000000000002222000022222200000000000000000002000000000000000000020000000000000000000
002200000000000000000002222002222222200000000000000000002000000000000000000020000000000000000000
002200000000000000000002222002222002200000000000000000002000000000000000000020000000000000000000
002200000000000000000002222000030002200000000000000000002000000000000000000020000000000000000000
002200000000000000000002222000000002200000000000000000002000000000000000000020000000000000000000
002222222222222222222222222222222222200000000000000000002000000000000000000020000000000000000000
000000000000000000000000000000000000000000000000000000000000000000000000000020000000000000000000