999999999999999999999999999999999999999999999999999999999999999999999999999999999999999999999999
999999999999999999999999999999999999999999999999999999999999999999999999999999999999999999999999
999999999999999999999999999999999999999999999999999999999999999999999999999999999999999999999999
999999999999999999999999999999999999999999999999999999999999999999999999999999999999999999999999
999999999999999999999999999999999999999999999993999999999999999999999999999999999999999999999999
999999999999977777777777777777777397777777777777777777777777777777777777777799999999999999999999
999999999999979999999997777999999997779999999777999999977777777777777777777779999999999999999999
999999999999979999999997777999999997779999999777999999977777779999999977777779999999999999999999
999999999999979999999997777399999997779999999777999999977777799999999977777779999999999999999999
999999999999979999999997777999999997779999999777999999977777999999999977777779999999999999999999
999999999999979999999997777999999997779999999777999999977777999999999999977779999999999999999999
999999999999979999999997777999999997779999999777999999977779999999999993977779999999999999999999
999999999999979999999997777777777777779399999777993999977779999999999977777779999999999999999999
999999999999979999999997777777777777777777777777777777777773999999999999999999999999999999999999
999999999999979999999997777993999997779999999777999999977779999999999999999999999999999999999999
999999999999979999999997777999999997779999999777399999977779999999999999999999999999999999999999
999999999999979999999997777999999917779999999777999999977779999999999399999999999999999999999999
999999999999979999999997777999999997779999999777999999977779999999999999999999999999999999999999
999999999999979999999997777399999997779999999777999999977777999999999999999999999999999999999999
999999999999979999999937777999999997779999999777999999977777999999999999999999999999999999999999
999955559999979999999997777999931397773999999777939399977777799999999999999999999999999999999999
999999959999979999999997777999999997777777777777777777777777799999999999999999999999999999999999
999999959999979999999997777999999997779999999777999999977777773999999999999999999999999999999999
999999359999979999999937777999999997779999999999999999999999999999999999999999999999999999999999
997777777777777777777777777777777777777777777777777777777777777777777777777779999999999999999999
993777777777777777777777777777777777777777777777777777777777777777777777777777777777777777777779
997777777777777777777777777777777777777777777777777777777777777777777777777777777777777777777779
997799999999999999999997773999999997799999999999999999997777777777777777777777777777777777777779
997799999999999999999997779999999997799999999999999999997779999999999999977777799999999999999999
997799999999999999999997779999999997799999999999999999997773999999999999977777739999999999999999
997799999999999999999997775555555557799999999999999999997779999999999999977777799999999999999999
997799999999999999999997779999999997799999999999999999997779999999999999977777777777777999999999
997799999999999999999997779977777997799999999999999999997779999993999999977777779999997999999999
997799999999999999999997779977777997799999999999999999997779999999999999977777779999997999999999
997799999999999999999997779977777937799999999999999999997779999999999999977777779999997999999999
997799999999999999999997777777777997799999999999999999997779999999999999977777779999997999999999
997799999999999999999997777779999937799999999999999999997773999999999999977777773999993999999999
997799999999999999999997777777777997799999999999999999997779999999999999977777779999999999999999
997799999999999999999997777777777997799999999999999999997779999999999999977777779999999999999999
997799999999999999999997777777777937799999999999999999997779999999999999977777779999999999999999
997799999999999999999997777779999997799999999999999999997779999999999999977777779999999999999999
997799999999999999999997777779999937799999999999999999999999999999999999999999999999999999999999
997799999999999999999997777777777997799999999999999999999999999999999999999999999999999999999999
997799999999999999999997779977777997799999999999999999999999999999999999999999999999999999999999
997799999999999999999997779977777937799999999999999999999999999999999999999999999999999999999999
997799999999999999999997779999997997799999999999999999999999999999999999999999999999999999999999
997799999999999999999997779999999997799999999999999999999999999999999999999999999999999999999999
997799999999999999999997777777777997799999999999999999999999999999999999999999999999999999999999
997799999999999999999997777777777937799999999999999999999999999999999999999999999999999999999999
997799999999999999999997777977777777799999999999999999999999999999999999999999999999999999999999
997799999999999999999997777997777777799999999999999999999999999999999999999999999999999999999999
997799999999999999999997777999377777799999999999999999999999999999999999999999999999999999999999
997799999999999999999997777999977777799999999999999999999999999999999999999999999999999999999999
997799999999999999999997777997777777799999999999999999999999999999999999999999999999999999999999
997799999999999999999997777997777997799999999999999999999999999999999999999999999999999999999999
997799999999999999999997777999939997799999999999999999999999999999999999999999999999999999999999
997799999999999999999997777999999997799999999999999999999999999999999999999999999999999999999999
999999999999999999999999999999999999999999999999999999999999999999999999999999999999999999999999
999999999999999999999999999999999999999999999999999999999999999999999999999999999999999999999999
