-858993460
-858993460
350
240
360
230
370
220
380
210
380
200
380
200
390
120
390
130
380
140
370
150
360
160
350
170
340
170
330
180
320
190
310
200
300
200
290
200
280
200
270
200
260
210
250
220
240
230
230
240
220
250
210
250
200
250
190
250
180
250
170
250
160
250
150
250
140
250
130
250
120
250
110
250
100
250
90
250
80
250
70
250
60
250
50
250
40
250
30
250
20
250
20
250
60
230
70
230
80
240
90
240
100
240
110
240
120
240
130
240
140
240
150
240
160
240
170
240
180
240
190
240
200
240
210
240
220
240
230
230
240
220
250
210
260
200
270
190
280
180
290
170
300
160
300
150
300
140
310
130
320
130
330
130
340
130
350
130
360
130
370
130
380
130
390
130
390
120
390
120
20
250
30
240
40
240
50
240
60
240
70
240
80
240
90
240
100
240
110
240
120
240
130
240
140
240
150
240
160
240
170
240
180
240
190
240
200
240
210
240
220
240
230
230
240
220
250
220
260
220
270
220
280
220
290
220
300
220
310
220
320
220
330
220
340
220
350
220
360
220
370
220
380
220
390
220
400
220
410
220
420
220
430
220
440
220
450
220
460
220
470
220
480
220
490
220
500
220
510
220
520
220
530
220
540
220
550
220
560
220
570
220
580
220
590
220
600
220
610
220
620
220
620
220
620
230
620
240
620
250
610
260
600
270
590
280
590
290
590
300
590
310
600
320
610
320
620
320
630
320
640
320
650
320
540
270
530
270
520
270
510
270
500
270
490
270
480
270
470
280
460
280
450
280
440
280
430
280
420
280
420
280
430
280
430
270
420
260
420
250
420
240
420
230
420
220
420
210
410
200
410
200
420
210
420
220
420
230
430
240
440
240
450
240
460
240
470
240
480
240
490
240
500
240
510
240
520
240
530
240
540
240
550
240
560
240
570
240
580
240
590
240
600
240
610
240
620
240
630
240
640
240
650
240
660
240
670
240
680
240
690
240
700
240
710
240
720
240
730
240
740
240
750
240
760
240
770
240
780
240
790
240
800
240
810
240
820
240
830
240
840
240
850
240
860
240
870
240
880
240
880
240
620
220
620
220
610
220
600
210
590
210
580
210
570
210
560
210
550
210
540
210
530
210
520
210
510
210
500
210
490
210
480
210
470
210
460
210
450
210
440
210
430
210
420
210
410
210
400
210
390
210
380
200
380
200
370
210
360
220
350
230
350
240
340
250
330
250
320
250
310
250
300
250
290
250
280
250
270
250
260
250
250
250
240
250
230
250
220
250
210
250
200
250
190
250
180
250
170
250
160
250
150
250
140
250
130
250
120
250
110
250
100
250
90
250
80
250
70
250
60
250
50
250
40
250
30
250
20
250
880
240
870
250
860
260
850
260
840
260
830
260
820
260
810
260
800
260
790
260
780
260
770
260
760
260
750
260
740
260
730
260
720
260
710
260
700
270
690
270
680
270
670
270
660
270
650
270
640
270
630
270
620
270
610
270
600
270
590
270
580
270
570
270
560
270
550
270
540
270
530
270
520
270
510
270
500
270
490
270
480
270
470
280
460
290
460
300
460
310
460
320
460
330
460
340
460
350
460
360
460
370
450
370
450
370
460
380
460
390
460
400
460
410
460
420
450
430
440
430
430
430
420
430
410
430
400
430
390
430
380
440
370
450
370
460
370
470
370
480
360
490
350
500
340
500
330
500
320
500
310
500
300
500
290
500
280
500
270
510
260
520
250
520
240
520
230
520
220
520
210
520
200
520
190
520
180
520
170
520
160
520
150
520
140
520
130
530
130
530
130
530
130
530
140
530
150
530
160
530
170
530
180
530
190
530
200
520
210
510
210
500
210
490
210
480
210
470
210
460
210
450
210
440
210
430
210
420
210
410
210
400
210
390
210
380
210
370
210
360
210
350
210
340
210
330
210
320
210
310
210
300
210
290
210
280
210
270
220
260
230
250
240
240
250
230
250
220
250
210
250
200
250
190
250
180
250
170
250
160
250
150
250
140
250
130
250
120
250
110
260
100
270
90
280
80
290
80
300
80
310
80
320
80
320
80
320
80
330
80
340
80
350
80
360
90
370
100
370
110
370
120
370
130
370
140
370
150
370
160
370
170
370
180
370
190
370
200
370
210
370
220
370
230
380
240
390
250
400
260
410
270
420
270
430
270
440
280
450
290
460
300
460
310
460
320
460
330
460
340
460
350
460
360
460
370
450
370
450
370
460
380
460
390
460
400
460
410
460
420
450
430
440
430
430
430
420
430
410
430
400
430
390
430
380
440
370
450
370
460
370
470
370
480
360
490
350
500
340
500
330
500
320
500
310
500
300
500
290
500
280
500
270
510
260
520
250
520
240
520
230
520
220
520
210
520
200
520
190
520
180
520
170
520
160
520
150
520
140
520
130
530
130
530
320
80
330
80
340
80
350
80
360
90
370
100
370
110
370
120
370
130
370
140
370
150
370
160
370
170
370
180
370
190
370
200
370
210
370
220
370
230
380
230
390
230
400
230
410
230
410
220
410
210
410
200
410
200
410
210
410
220
410
230
410
240
410
250
420
260
430
270
440
280
450
290
460
300
460
310
460
320
460
330
460
340
460
350
460
360
460
370
450
370
450
370
460
380
460
390
460
400
460
410
460
420
450
430
440
430
430
430
420
430
410
430
400
430
390
430
380
440
370
450
370
460
370
470
370
480
360
490
350
500
340
500
330
500
320
500
310
500
300
500
290
500
280
500
270
510
260
520
250
520
240
520
230
520
220
520
210
520
200
520
190
520
180
520
170
520
160
520
150
520
140
520
130
530
130
530
320
80
330
80
340
80
350
80
350
90
350
100
350
110
350
120
350
130
350
140
350
150
350
160
350
170
350
180
350
190
350
200
350
210
350
220
350
230
350
240
350
250
350
260
350
270
350
280
350
290
350
300
340
310
330
320
330
330
320
330
320
330
330
340
340
350
350
350
360
350
370
350
380
350
390
350
400
350
410
350
420
350
430
350
440
350
450
350
460
350
460
360
460
370
450
370
450
370
460
370
460
360
460
350
470
340
480
330
490
320
490
320
620
220
610
230
610
240
600
250
590
260
590
270
590
280
590
290
590
290
490
210
480
210
470
210
460
210
450
210
440
210
430
210
420
210
410
210
400
210
390
210
380
200
380
200
500
250
490
250
480
250
470
250
460
250
450
250
440
250
430
250
420
250
410
250
400
250
390
250
380
250
370
250
360
250
350
250
340
250
330
250
320
250
310
250
300
250
290
250
280
250
270
250
260
250
250
250
240
250
230
250
220
250
210
250
200
250
190
250
180
250
170
250
160
250
150
250
140
250
130
250
120
250
110
250
100
250
90
250
80
250
70
250
60
250
50
250
40
250
30
250
20
250
880
240
880
250
870
260
860
260
850
260
840
260
830
260
820
260
810
260
800
260
790
260
780
260
770
260
760
260
750
260
740
260
730
260
720
260
710
260
700
260
690
260
680
260
670
260
660
260
650
260
640
260
630
260
620
260
610
260
600
260
590
260
580
260
570
260
560
260
550
260
540
260
530
260
520
260
510
260
500
260
490
260
480
260
480
270
480
280
470
290
460
290
460
300
460
310
460
320
460
330
460
340
460
350
460
360
460
370
450
370
450
370
690
160
700
170
700
180
700
190
700
200
700
210
700
220
700
230
690
230
680
230
670
230
660
230
650
230
640
230
630
230
320
30
330
30
340
30
350
30
360
30
370
30
380
30
390
40
400
50
410
60
420
70
430
80
440
80
450
80
460
80
470
80
470
90
470
100
470
110
470
120
470
130
470
140
470
150
470
160
470
170
470
180
470
190
470
200
470
210
470
220
470
230
460
240
460
250
460
260
460
270
460
280
460
290
460
300
460
310
460
320
460
330
460
340
460
350
460
360
460
370
450
370
450
370
690
160
700
170
700
180
700
190
700
200
700
210
700
220
700
230
690
240
680
250
670
250
660
250
650
250
640
250
630
250
620
250
610
250
600
250
590
250
580
250
570
250
560
250
550
250
540
250
530
250
520
250
510
250
500
250
490
250
480
250
470
250
460
250
450
250
440
250
430
250
420
250
410
250
400
250
390
250
380
250
370
250
360
250
350
250
340
250
330
250
320
250
310
250
300
250
290
250
280
250
270
250
260
250
250
250
240
250
230
250
220
250
210
250
200
250
190
250
180
250
170
250
160
250
150
250
140
250
130
250
120
250
110
250
100
250
90
250
80
250
70
250
60
250
50
250
40
250
30
250
20
250
880
240
880
250
870
260
860
260
850
260
840
260
830
260
820
260
810
260
800
260
790
260
780
260
770
260
760
260
750
260
740
260
730
260
720
260
710
260
700
260
690
260
680
260
670
260
660
260
650
260
640
260
630
260
620
260
610
260
600
260
590
260
580
260
570
260
560
260
550
260
540
260
530
260
520
260
510
260
500
260
490
260
480
260
480
270
480
280
470
290
460
290
460
300
460
310
460
320
460
330
460
340
460
350
460
360
460
370
450
370
450
370
310
240
300
240
290
240
280
240
270
240
260
230
250
230
240
230
230
230
220
230
220
230
510
130
500
130
490
130
480
130
470
130
460
130
450
130
440
130
430
130
420
130
410
130
400
130
390
120
390
120
60
230
70
240
80
250
90
260
100
270
110
270
120
270
130
270
140
270
150
270
160
270
170
270
180
270
190
270
200
270
210
270
220
270
230
270
240
270
250
270
260
270
270
270
280
270
290
270
300
270
310
270
320
270
330
270
340
270
350
270
360
270
370
270
380
270
390
270
400
270
410
270
420
270
430
270
440
270
450
270
460
270
470
270
480
270
490
270
500
270
510
270
520
270
530
270
540
270
550
270
560
270
570
280
580
290
590
290
590
290
360
260
370
250
380
240
380
230
380
220
380
210
380
200
380
190
380
180
380
170
380
160
380
150
380
140
390
130
390
120
390
120
620
220
630
230
640
230
650
230
660
230
670
230
680
230
690
230
700
230
710
220
710
210
710
200
710
190
710
180
710
170
710
160
710
150
710
140
710
130
710
120
710
110
710
110
710
120
710
130
710
140
710
150
700
160
690
160
690
160
700
170
700
180
700
190
700
200
700
210
700
220
700
230
690
240
680
250
670
260
660
270
650
280
640
280
630
280
620
280
610
280
600
280
590
280
590
290
590
290
590
280
590
270
590
260
580
250
570
240
560
230
550
220
540
220
530
220
520
220
510
220
500
210
490
200
490
200
490
210
480
210
470
200
470
190
470
180
470
170
470
160
470
150
470
140
470
130
470
120
470
110
470
100
470
90
470
80
470
70
470
60
470
50
470
40
470
40
470
50
470
60
470
70
470
80
470
90
470
100
470
110
460
120
450
130
440
130
430
130
420
130
410
130
400
130
390
120
390
120
390
130
380
140
380
150
380
160
380
170
380
180
380
190
380
200
380
200
370
200
360
200
350
210
340
210
330
210
320
210
310
210
300
210
290
210
280
210
270
210
260
210
250
210
240
220
230
230
220
230
220
230
20
250
30
240
40
240
50
240
60
240
70
240
80
240
90
240
100
240
110
240
120
240
130
240
140
240
150
240
160
240
170
240
180
240
190
240
200
240
210
240
220
240
230
230
240
220
250
220
260
220
270
220
280
220
290
220
300
220
310
220
320
220
330
220
340
220
350
220
360
220
370
220
380
220
390
220
400
220
410
220
420
220
430
220
440
220
450
220
460
220
470
220
480
220
490
220
500
220
510
220
520
220
530
220
540
220
550
220
560
220
570
220
580
220
590
220
600
220
610
220
620
220
620
220
610
230
600
240
590
250
590
260
590
270
590
280
590
290
590
290
590
300
590
310
590
320
590
330
590
340
590
350
590
360
410
200
420
210
420
220
420
230
420
240
420
250
420
260
430
270
430
280
420
280
420
280
420
290
410
290
400
280
390
280
380
280
370
280
360
280
350
270
340
270
330
270
320
270
310
270
300
270
290
270
280
270
270
270
260
260
250
250
240
240
230
230
230
220
230
210
230
200
230
190
230
180
230
170
230
160
230
150
230
140
230
130
230
120
230
110
230
100
220
90
210
80
200
80
190
80
180
80
170
80
160
70
150
60
150
60
160
70
170
80
180
80
190
80
200
80
210
80
210
90
210
100
210
110
210
120
210
130
210
140
210
150
210
160
210
170
210
180
210
190
210
200
210
210
210
220
210
230
200
240
190
250
180
260
170
270
160
280
150
280
140
280
130
280
120
280
120
290
120
300
120
310
120
320
120
330
120
340
120
350
120
360
120
370
120
380
120
390
120
400
120
410
120
420
120
430
120
440
120
450
120
460
120
470
120
480
120
490
120
500
120
510
130
520
130
530
130
530
140
530
150
530
160
530
170
530
180
530
190
530
200
530
210
530
220
530
230
530
240
530
250
530
260
520
270
520
280
520
290
520
300
520
310
520
320
520
330
520
340
510
350
500
350
490
350
480
350
470
360
460
370
450
380
450
390
440
400
440
410
440
420
440
430
440
440
440
450
430
460
420
460
410
460
400
460
390
460
380
450
370
450
370
460
380
460
390
470
400
480
410
490
410
500
410
510
410
520
410
530
410
540
410
550
410
560
410
570
410
580
410
590
410
600
410
610
410
620
410
630
410
640
410
650
410
650
400
650
400
660
410
670
410
680
410
690
410
700
410
710
420
720
420
730
420
730
410
730
410
740
420
750
420
760
420
770
410
780
400
780
390
780
380
780
370
780
360
780
350
780
340
790
330
800
330
810
330
820
330
830
330
840
330
850
330
860
320
860
310
860
300
860
290
860
280
860
270
870
260
880
250
880
240
880
240
620
220
610
230
600
240
590
250
590
260
590
270
590
280
590
290
590
290
590
300
590
310
600
320
610
320
620
320
630
320
640
320
650
320
650
320
640
320
630
320
620
320
610
320
600
320
590
310
590
300
580
290
570
280
560
270
550
270
540
270
530
270
520
270
510
270
500
270
490
260
480
250
470
240
460
230
450
220
440
220
430
220
420
220
410
220
400
220
390
210
380
200
380
200
380
190
380
180
380
170
380
160
380
150
380
140
390
130
390
120
390
120
390
130
380
140
370
150
360
160
350
170
340
170
330
180
320
190
310
190
300
190
290
190
280
190
270
190
260
190
250
190
240
190
230
190
220
190
220
190
230
200
230
210
230
220
230
230
220
240
210
250
200
250
190
250
180
250
170
250
160
250
150
250
140
250
130
250
120
250
110
250
100
250
90
250
80
250
70
250
60
250
50
250
40
250
30
250
20
250
880
240
870
250
860
260
850
270
840
270
830
270
820
270
810
270
800
270
790
270
780
270
770
280
760
290
750
300
740
310
740
320
730
330
720
330
710
330
700
340
690
350
690
360
690
370
690
380
690
390
690
400
690
410
680
410
670
410
660
410
650
400
650
400
650
410
640
410
630
410
620
410
610
410
600
410
590
400
580
390
580
380
580
370
580
360
580
350
580
340
580
330
580
320
580
310
580
300
580
290
580
280
580
270
580
260
580
250
580
240
580
230
580
220
580
210
580
200
570
200
560
200
550
200
550
200
560
200
570
200
580
200
580
210
580
220
580
230
570
230
560
230
550
230
540
230
530
230
520
230
510
230
500
230
490
230
480
230
470
230
460
230
450
230
440
230
430
230
420
230
420
220
420
210
410
200
410
200
410
210
410
220
410
230
400
230
390
230
380
230
370
230
360
220
350
210
350
200
350
190
350
180
350
170
350
160
350
150
350
140
350
130
350
120
350
110
350
100
350
90
350
80
340
70
330
70
320
70
310
70
300
70
290
70
280
70
270
70
260
70
250
70
240
70
230
70
220
70
210
70
200
70
190
70
180
70
170
70
160
70
150
60
150
60
700
220
700
210
700
200
700
190
700
180
700
170
690
160
690
160
620
220
620
220
610
220
600
210
590
210
580
210
570
210
560
210
550
210
540
210
530
210
520
210
510
210
500
210
490
210
480
210
470
210
460
210
450
210
440
210
430
210
420
210
410
210
400
210
390
210
380
200
380
200
380
190
380
180
380
170
380
160
380
150
380
140
390
130
390
120
390
120
390
130
380
140
370
150
360
160
350
170
340
170
330
180
320
190
310
190
300
190
290
190
280
190
270
190
260
190
250
190
240
190
230
190
220
190
