0000000000000000000000000000000000000000000000000000000000000000000000000000000000000000000000
0000000000000000000000000000000000000000000000000000000000000000000000000000000000000000000000
2222222222222222222222222222222222222222222222222222222222222222222222222222222222222222222222
0000010000000000000000000100000030000022222220000100000000001030000003000001000300100003000022
0000010000000000000000000100000000000022222223000130000000031000000000000001000000100000000022
0000010000000000000000000100000000000022222220000100030000001030000000000001000000100000000022
0000010000000003000000000100000000000022222222222222222222222222222222222222222222200000000012
0000012222222222222222222222222222222222222222222222222222222222222222222222222222200000000022
0000010000000000000002200222000030022000010000022000000002220010000001000100010002200220002222
0000010000000000000002200222000000022000010000022000000002220010000001000100010002200220002222
0000010000000000000002200222000000022000010000022000000002220010000001000100010002200220002222
0000010000000000000002200222000000022000010000022220000222220010000001003100310002203223002222
0000010000000000000002200222000000022000010000022220000000220010000001000100010002200220002222
0000010000000000000002200222000000022000010000022220000000220010000001000100010002200220002222
0000010000000000000002200222000000022000010000022220000000220010000001000100010002203220002222
0000010000000000002222200222000000022222200222222220000000222222222222222222222222222222222222
0000010000000000000002200222000000022222230222222220000000220010000001000100010002200000022222
0000010000000000000002200222000000022000010000022220000000220010000001000100010002200000022222
0000010000000000000002200222000000022000010000022220000000220010000001000100010002200000022222
0000010000000000000002200222000000022000000000022220000222220010000001000100310032200000022222
0000010000000000000002200222000000022000030000022000000300220010000001000100010002200000022222
0000011111110000000002200222000000022000010000022000000000220010000001000100010002200000022222
0000010002220000000002200222000000022000010000022000000000220010000001000100010002200000022222
0000010002222222222222222222222222222222222222222222222222222222222222222222222222222222222222
0000010032222222222222222222222222222222222222222222222222222222222222222222222222222222222222
0000010002222222222222222222222222222222222222222222222222222222222222222222222222222222222222
0000010002222222222222220022222222222222222222222222222222222222222222200000222222222222222222
0000022222222222222222220322000000022222200222210000003000220022221001100003110000000100002222
0000010002220000000002220022000000022222203222210000000000220022221001100000110000000100002222
0000010002220000000001000022000000022222222222210000000003220010001002222222210000000100002222
0000010002220000000001000022200002222100000000222000010000223010001032220022223000000130002222
0000022222220000000001000022200002222100000000222000022222220022221002220022220000000100002222
0000022222220000000001000022200002222100000003222300000000222222222222222222220000000100002222
0000022222220000000001000022200032222100000000222000000000222222222222100300222222222222222222
0000011000010000000001000022200002222222222222222000000003220000000002200000220300100030002222
0000011000010000000031000022200002222100000000222000000000220000000002200000220000100000002222
0000011000010000000001000022200002222100000000222000000000220000000002200000223000100000002222
0000011000010000000001000022200002222100000003222000022222220000000002200000220000100000002222
0000011000010000000001000022200002222100000000110000002222220000000002230000220000100220002222
0000011000010000000001000022000000022200000000110000002222220000000002200000223000100220002222
0000011000010000000001000022000000022200000000110000002222220000030002200000220000222220002222
0000011000010000000001000022222222222200000000222222222222222222222222200300220300222220002222
0000011111110000000001000022000000022222222222222222222222222222222222222222222222222222222222
0000011000010000000001000022000000022222222222222222222222222222222222222222222222222222222222
0000011000011111111111000022000000022220000000222000000002220003000220000000100000001000002222
0000011000010000000001000022000000022000000000222000000002220000000220000000100000001000002222
0000011000010000000001000022000000322000000000222000000002220000003223000000100000031000002222
0000011000310000000031000022000000022000000003222000000002220000000220000000100000001000002222
0000011000010000000001000022000000022000000000222000000002220000000220000000100000001000002222
0000011000010000000001000022000000022000000000222000000002220000000221111111100000001000002222
0000011000010000000001000022222222222222222222222222222222110000000110000000111111111000002222
0000011000022222222222000022222222222222222222222000003002220000000110000000111111111000002222
0000011000022222222222222200000000000000000100022000000002220003000110000000110000001000002222
0000000000000300001000000100000000000000000100022000000002222222222222222222210000001000002222
0000000000000000001000000100000000000000000100022000000002222222222220000300010000001000002222
0000000000000000001000000100000000000000003111122000000002220003000010000000010000001300002222
0000000000000000001000000100000000000000000100000000000002220000000010000000010000001000002222
0000000000000000001000000100000000000000000100000000000002220003000010000000010000001000002222
0000000000000000002222222200000000000000000100000000300002222222222222222222222222222222222222
0000000000000000002222222222222222222222222222222222222222222222222222222222222222222222222222